[0, 0] train_loss: 0.23871059715747833
dev loss time 1520142981.1511614
[0, 0] avg_dev_loss: 0.26435713682855877
[0, 20] train_loss: 0.028075341135263443
[0, 40] train_loss: 0.022108914330601692
[0, 60] train_loss: 0.02439524233341217
[0, 80] train_loss: 0.024209514260292053
[0, 100] train_loss: 0.019051484763622284
[0, 120] train_loss: 0.02941666543483734
[0, 140] train_loss: 0.011662608943879604
[0, 160] train_loss: 0.009362353011965752
[0, 180] train_loss: 0.02460491470992565
[0, 200] train_loss: 0.027558958157896996
dev loss time 1520143009.5195265
[0, 200] avg_dev_loss: 0.020138325169682503
[0, 220] train_loss: 0.011867807246744633
[0, 240] train_loss: 0.006273410748690367
[0, 260] train_loss: 0.03420154005289078
[0, 280] train_loss: 0.01137030590325594
[0, 300] train_loss: 0.02334778569638729
[0, 320] train_loss: 0.02427811548113823
[0, 340] train_loss: 0.019960926845669746
[0, 360] train_loss: 0.016753708943724632
[0, 380] train_loss: 0.02327260933816433
[0, 400] train_loss: 0.018566425889730453
dev loss time 1520143038.045774
[0, 400] avg_dev_loss: 0.01781051339847701
[0, 420] train_loss: 0.002502383664250374
[0, 440] train_loss: 0.010429494082927704
[0, 460] train_loss: 0.01832491159439087
[0, 480] train_loss: 0.02018517442047596
[0, 500] train_loss: 0.01037406362593174
[0, 520] train_loss: 0.01900465227663517
[0, 540] train_loss: 0.033410824835300446
[0, 560] train_loss: 0.01787119172513485
[0, 580] train_loss: 0.011237679049372673
[0, 600] train_loss: 0.010149314068257809
dev loss time 1520143066.6621828
[0, 600] avg_dev_loss: 0.015712298851992403
[0, 620] train_loss: 0.026148304343223572
[0, 640] train_loss: 0.013157914392650127
[0, 660] train_loss: 0.019426433369517326
[0, 680] train_loss: 0.014564307406544685
[0, 700] train_loss: 0.016828322783112526
[0, 720] train_loss: 0.018685994669795036
[0, 740] train_loss: 0.01725110225379467
[0, 760] train_loss: 0.01892494037747383
[0, 780] train_loss: 0.0248421598225832
[0, 800] train_loss: 0.011522626504302025
dev loss time 1520143095.375789
[0, 800] avg_dev_loss: 0.01669050706550479
[0, 820] train_loss: 0.01248886901885271
[0, 840] train_loss: 0.00965829472988844
[0, 860] train_loss: 0.007722330745309591
[0, 880] train_loss: 0.009689012542366982
[0, 900] train_loss: 0.005526668392121792
[0, 920] train_loss: 0.012473349459469318
[0, 940] train_loss: 0.011533215641975403
[0, 960] train_loss: 0.017748089507222176
[0, 980] train_loss: 0.016849149018526077
[0, 1000] train_loss: 0.012013977393507957
dev loss time 1520143124.1474428
[0, 1000] avg_dev_loss: 0.01594805790643607
[0, 1020] train_loss: 0.016732318326830864
[0, 1040] train_loss: 0.018555421382188797
[0, 1060] train_loss: 0.0156914871186018
[0, 1080] train_loss: 0.014998362399637699
[0, 1100] train_loss: 0.01984824240207672
[0, 1120] train_loss: 0.007862718775868416
