[0, 0] train_loss: 0.10326141119003296
[0, 10] train_loss: 0.008945394307374954
[0, 20] train_loss: 0.002711566397920251
[0, 30] train_loss: 0.0022911971900612116
[0, 40] train_loss: 0.0010436862939968705
[0, 50] train_loss: 0.0014669501688331366
[0, 60] train_loss: 0.0007268188637681305
[0, 70] train_loss: 0.0004770613741129637
[0, 80] train_loss: 0.0003161226923111826
[0, 90] train_loss: 0.0006521656177937984
[0, 100] train_loss: 0.0006105353822931647
[0, 110] train_loss: 0.0007285739993676543
[0, 120] train_loss: 0.0007682055002078414
[0, 130] train_loss: 0.000376661482732743
[0, 140] train_loss: 0.0005957518587820232
[0, 150] train_loss: 0.00019723780860658735
[0, 160] train_loss: 0.0004980728845112026
[0, 170] train_loss: 0.0004904519882984459
[0, 180] train_loss: 0.0003727380826603621
[0, 190] train_loss: 0.0006587709649465978
[0, 200] train_loss: 0.00042212929110974073
[0, 210] train_loss: 0.0005205742781981826
[0, 220] train_loss: 0.0008685294887982309
[0, 230] train_loss: 0.0011400182265788317
[0, 240] train_loss: 0.00027157587464898825
[0, 250] train_loss: 0.0003234352625440806
[0, 260] train_loss: 0.0006240815855562687
[0, 270] train_loss: 0.0004038408806081861
[0, 280] train_loss: 0.0001879173651104793
[0, 290] train_loss: 0.000516735075507313
[0, 300] train_loss: 0.0003235997573938221
[0, 310] train_loss: 0.00035151108750142157
[0, 320] train_loss: 0.00042375706834718585
[0, 330] train_loss: 0.00045009658788330853
[0, 340] train_loss: 0.0004411769041325897
[0, 350] train_loss: 0.0005578573909588158
[0, 360] train_loss: 0.00026012613670900464
[0, 370] train_loss: 0.000163331744261086
[0, 380] train_loss: 0.00024687108816578984
[0, 390] train_loss: 0.0007334882393479347
[0, 400] train_loss: 0.0009871820220723748
[0, 410] train_loss: 0.0005247729131951928
[0, 420] train_loss: 0.00032889252179302275
[0, 430] train_loss: 0.0005673127598129213
[0, 440] train_loss: 0.0005063461139798164
[0, 450] train_loss: 0.0005827770801261067
[0, 460] train_loss: 0.0007338551804423332
[0, 470] train_loss: 0.0003637287300080061
[0, 480] train_loss: 0.00015587449888698757
[0, 490] train_loss: 0.0006504919147118926
[0, 500] train_loss: 0.0003281621902715415
[0, 510] train_loss: 0.0007646201993338764
[0, 520] train_loss: 0.0004034763260278851
[0, 530] train_loss: 0.0005131342331878841
[0, 540] train_loss: 0.0001835780421970412
[0, 550] train_loss: 0.00030235107988119125
[0, 560] train_loss: 8.930145122576505e-05
[0, 570] train_loss: 0.00013015275180805475
[0, 580] train_loss: 0.00038279511500149965
[0, 590] train_loss: 0.0004242277645971626
[0, 600] train_loss: 0.0005012464825995266
[0, 610] train_loss: 0.0007161575485952199
[0, 620] train_loss: 0.0005576242110691965
[0, 630] train_loss: 0.0006460349541157484
[0, 640] train_loss: 0.00032477910281158984
[0, 650] train_loss: 0.00033113048993982375
[0, 660] train_loss: 0.000202522860490717
[0, 670] train_loss: 0.0004897116450592875
[0, 680] train_loss: 0.000976118550170213
[0, 690] train_loss: 0.0011208869982510805
[0, 700] train_loss: 0.0012043110327795148
[0, 710] train_loss: 0.00032786582596600056
[0, 720] train_loss: 0.00043032848043367267
[0, 730] train_loss: 0.0003908421203959733
[0, 740] train_loss: 0.000710334803443402
[0, 750] train_loss: 0.0001471379364375025
[0, 760] train_loss: 0.0005398238427005708
[0, 770] train_loss: 0.0007316726259887218
[0, 780] train_loss: 0.0006984499050304294
[0, 790] train_loss: 0.0003961155889555812
[0, 800] train_loss: 0.00037072814302518964
[0, 810] train_loss: 0.0004436264862306416
[0, 820] train_loss: 0.000410304288379848
[0, 830] train_loss: 0.00012807839084416628
[0, 840] train_loss: 0.0005618249997496605
[0, 850] train_loss: 0.0005333832232281566
[0, 860] train_loss: 0.00018342606199439615
[0, 870] train_loss: 0.0005709648248739541
[0, 880] train_loss: 0.00016461506311316043
[0, 890] train_loss: 0.00035040031070820987
[0, 900] train_loss: 0.0011195993283763528
[0, 910] train_loss: 0.0001255186798516661
[0, 920] train_loss: 0.00019277824321761727
[0, 930] train_loss: 0.00037086778320372105
[0, 940] train_loss: 0.00015399350377265364
[0, 950] train_loss: 0.0004481342912185937
[0, 960] train_loss: 0.0005552431102842093
[0, 970] train_loss: 0.0007271072245202959
[0, 980] train_loss: 0.0003566053055692464
[0, 990] train_loss: 0.0002862207475118339
[0, 1000] train_loss: 0.0006879994762130082
[0, 1010] train_loss: 0.0006407072651199996
[0, 1020] train_loss: 0.0005829378496855497
[0, 1030] train_loss: 0.00021879751875530928
[0, 1040] train_loss: 0.0002913799253292382
[0, 1050] train_loss: 0.0005814727046526968
[0, 1060] train_loss: 0.0005310351843945682
[0, 1070] train_loss: 0.00040512485429644585
[0, 1080] train_loss: 0.00035941583337262273
[0, 1090] train_loss: 0.00022522774816025048
[0, 1100] train_loss: 0.0005976007087156177
[0, 1110] train_loss: 0.00040651627932675183
[0, 1120] train_loss: 0.00036146020283922553
