[0, 0] train_loss: 0.0013206471921876073
[0, 10] train_loss: 5.347622916774331e+30
[0, 20] train_loss: 5.357931427238185e+30
[0, 30] train_loss: 5.198842229543088e+30
[0, 40] train_loss: 5.171411702696032e+30
[0, 50] train_loss: 5.240521156100122e+30
[0, 60] train_loss: 5.250135743143518e+30
[0, 70] train_loss: 5.386740733982512e+30
[0, 80] train_loss: 5.087276510279952e+30
[0, 90] train_loss: 5.251461934767635e+30
[0, 100] train_loss: 5.326863242599909e+30
[0, 110] train_loss: 5.241430268316473e+30
[0, 120] train_loss: 5.373909195333122e+30
[0, 130] train_loss: 5.27971150885748e+30
[0, 140] train_loss: 5.321296743663493e+30
[0, 150] train_loss: 5.301747204234505e+30
[0, 160] train_loss: 5.570495040712296e+30
[0, 170] train_loss: 5.42398471617029e+30
[0, 180] train_loss: 5.169618865705544e+30
[0, 190] train_loss: 5.305927065255823e+30
[0, 200] train_loss: 5.315896472027275e+30
[0, 210] train_loss: 5.34273402075981e+30
[0, 220] train_loss: 5.286586669993628e+30
[0, 230] train_loss: 5.527763139766378e+30
[0, 240] train_loss: 5.098862855335139e+30
[0, 250] train_loss: 5.349396410951706e+30
[0, 260] train_loss: 5.395510281877996e+30
[0, 270] train_loss: 5.306236550265644e+30
[0, 280] train_loss: 5.325412531616371e+30
[0, 290] train_loss: 5.350239032247977e+30
[0, 300] train_loss: 5.205679913978829e+30
[0, 310] train_loss: 5.260015689404318e+30
[0, 320] train_loss: 5.299138342315777e+30
[0, 330] train_loss: 5.187363478885848e+30
[0, 340] train_loss: 5.427772280763142e+30
[0, 350] train_loss: 5.246154750419527e+30
[0, 360] train_loss: 5.362395990290022e+30
[0, 370] train_loss: 5.323702506044527e+30
[0, 380] train_loss: 5.152388045998577e+30
[0, 390] train_loss: 5.307418879717227e+30
[0, 400] train_loss: 5.306919593353726e+30
[0, 410] train_loss: 5.378990310552962e+30
[0, 420] train_loss: 5.420202591743625e+30
[0, 430] train_loss: 5.104361049962746e+30
[0, 440] train_loss: 5.225476678737928e+30
[0, 450] train_loss: 5.275403501699283e+30
[0, 460] train_loss: 5.315224309271569e+30
[0, 470] train_loss: 5.1429348505521e+30
[0, 480] train_loss: 5.281111444956593e+30
[0, 490] train_loss: 5.17295610543059e+30
[0, 500] train_loss: 5.301399033598456e+30
[0, 510] train_loss: 5.370839732677121e+30
[0, 520] train_loss: 5.42966122735629e+30
[0, 530] train_loss: 5.492406290783019e+30
[0, 540] train_loss: 5.605796883570863e+30
[0, 550] train_loss: 5.228539492301922e+30
[0, 560] train_loss: 5.579275468940157e+30
[0, 570] train_loss: 5.429482910797897e+30
[0, 580] train_loss: 5.258544426681847e+30
[0, 590] train_loss: 5.427392073592873e+30
[0, 600] train_loss: 5.296970133858298e+30
[0, 610] train_loss: 5.302624884379546e+30
[0, 620] train_loss: 5.313517306014273e+30
[0, 630] train_loss: 5.379884311196567e+30
[0, 640] train_loss: 5.130148646620946e+30
[0, 650] train_loss: 5.228693630343923e+30
[0, 660] train_loss: 5.080600217441131e+30
[0, 670] train_loss: 5.253572114785772e+30
[0, 680] train_loss: 5.427473071622787e+30
[0, 690] train_loss: 5.397918462110669e+30
[0, 700] train_loss: 5.067778652429753e+30
[0, 710] train_loss: 5.41052574502052e+30
[0, 720] train_loss: 5.344903438143108e+30
[0, 730] train_loss: 5.47976092670985e+30
[0, 740] train_loss: 5.346459325672952e+30
[0, 750] train_loss: 5.222185378194027e+30
[0, 760] train_loss: 5.236150284799306e+30
[0, 770] train_loss: 5.08502609486674e+30
[0, 780] train_loss: 5.402201686289563e+30
[0, 790] train_loss: 5.229207423817259e+30
[0, 800] train_loss: 5.411720768193209e+30
[0, 810] train_loss: 5.352837013834329e+30
[0, 820] train_loss: 5.338137684793635e+30
[0, 830] train_loss: 5.316801353003256e+30
[0, 840] train_loss: 5.333723896626222e+30
[0, 850] train_loss: 5.177843188056382e+30
[0, 860] train_loss: 5.329178940007381e+30
[0, 870] train_loss: 5.207869278638151e+30
[0, 880] train_loss: 5.195895472857778e+30
[0, 890] train_loss: 5.493538449813088e+30
[0, 900] train_loss: 5.263942884929336e+30
[0, 910] train_loss: 5.347803651184364e+30
[0, 920] train_loss: 5.052178069190536e+30
[0, 930] train_loss: 5.374108668093359e+30
[0, 940] train_loss: 5.30879221944831e+30
[0, 950] train_loss: 5.320499457085458e+30
[0, 960] train_loss: 5.207430438565631e+30
[0, 970] train_loss: 5.227336006648495e+30
[0, 980] train_loss: 5.25103941519368e+30
[0, 990] train_loss: 5.09735230252353e+30
[0, 1000] train_loss: 5.1966117614059e+30
[0, 1010] train_loss: 5.382954378315479e+30
[0, 1020] train_loss: 5.183470737746688e+30
[0, 1030] train_loss: 5.098220311262014e+30
[0, 1040] train_loss: 5.386479001542565e+30
[0, 1050] train_loss: 5.517855388211726e+30
[0, 1060] train_loss: 5.248304220526801e+30
[0, 1070] train_loss: 5.207125184796178e+30
[0, 1080] train_loss: 5.320551440895701e+30
[0, 1090] train_loss: 5.153658627034992e+30
[0, 1100] train_loss: 5.480487491127438e+30
[0, 1110] train_loss: 5.294448314598582e+30
[0, 1120] train_loss: 5.189478494607263e+30
