[0, 0] train_loss: 0.0005139925051480532
[0, 10] train_loss: 0.00026669129147194326
[0, 20] train_loss: 0.0005248187808319926
[0, 30] train_loss: 0.000554658705368638
[0, 40] train_loss: 0.0006431409274227917
[0, 50] train_loss: 0.001027145772241056
[0, 60] train_loss: 0.0005829505971632898
[0, 70] train_loss: 0.0003544010396581143
[0, 80] train_loss: 0.00017597147962078452
[0, 90] train_loss: 0.0004725545586552471
[0, 100] train_loss: 0.0004915313911624253
[0, 110] train_loss: 0.000694389222189784
[0, 120] train_loss: 0.0006553744315169752
[0, 130] train_loss: 0.000297460617730394
[0, 140] train_loss: 0.00035623222356662154
[0, 150] train_loss: 2.9458107746904716e-05
[0, 160] train_loss: 0.00044618381070904434
[0, 170] train_loss: 0.00036496127722784877
[0, 180] train_loss: 0.0003843364247586578
[0, 190] train_loss: 0.000516263535246253
[0, 200] train_loss: 0.0003715899947565049
[0, 210] train_loss: 0.0003634730528574437
[0, 220] train_loss: 0.000694028683938086
[0, 230] train_loss: 0.001035792869515717
[0, 240] train_loss: 0.00022064194490667433
[0, 250] train_loss: 0.00018119528249371797
[0, 260] train_loss: 0.0005410057492554188
[0, 270] train_loss: 0.00035303764161653817
[0, 280] train_loss: 0.00016099540516734123
[0, 290] train_loss: 0.00045330432476475835
[0, 300] train_loss: 0.00028528794064186513
[0, 310] train_loss: 0.0003308682644274086
[0, 320] train_loss: 0.0004065496032126248
[0, 330] train_loss: 0.0003789714246522635
[0, 340] train_loss: 0.0003795581578742713
[0, 350] train_loss: 0.00046890758676454425
[0, 360] train_loss: 0.0001994473277591169
[0, 370] train_loss: 0.00014838088827673346
[0, 380] train_loss: 0.00021545402705669403
[0, 390] train_loss: 0.000693193927872926
[0, 400] train_loss: 0.0010174703784286976
[0, 410] train_loss: 0.00044927862472832203
[0, 420] train_loss: 0.00029779027681797743
[0, 430] train_loss: 0.0005587082705460489
[0, 440] train_loss: 0.000475429609650746
[0, 450] train_loss: 0.0005479488172568381
[0, 460] train_loss: 0.0007179843378253281
[0, 470] train_loss: 0.00033477882971055806
[0, 480] train_loss: 0.00013557181227952242
[0, 490] train_loss: 0.0006627095281146467
[0, 500] train_loss: 0.00031219361699186265
[0, 510] train_loss: 0.0007436081650666893
[0, 520] train_loss: 0.0003873271052725613
[0, 530] train_loss: 0.0005063082207925618
[0, 540] train_loss: 0.00015510362572968006
[0, 550] train_loss: 0.0002869516029022634
[0, 560] train_loss: 2.1624482542392798e-06
[0, 570] train_loss: 0.00012145972868893296
[0, 580] train_loss: 0.0003341533010825515
[0, 590] train_loss: 0.0003702946414705366
[0, 600] train_loss: 0.000398109172238037
[0, 610] train_loss: 0.0007409340469166636
[0, 620] train_loss: 0.0005508240428753197
[0, 630] train_loss: 0.0006392118521034718
[0, 640] train_loss: 0.0003204207750968635
[0, 650] train_loss: 0.0003195384342689067
[0, 660] train_loss: 0.00011591357178986073
[0, 670] train_loss: 0.00046249295701272786
[0, 680] train_loss: 0.000927724177017808
[0, 690] train_loss: 0.0009219933417625725
[0, 700] train_loss: 0.000986575148999691
[0, 710] train_loss: 0.0003549427492544055
[0, 720] train_loss: 0.0003533062117639929
[0, 730] train_loss: 0.0004502609372138977
[0, 740] train_loss: 0.0007059918716549873
[0, 750] train_loss: 7.552397437393665e-05
[0, 760] train_loss: 0.0005077597452327609
[0, 770] train_loss: 0.0006957167061045766
[0, 780] train_loss: 0.0005390960723161697
[0, 790] train_loss: 0.00038299724110402167
[0, 800] train_loss: 0.00034579189377836883
[0, 810] train_loss: 0.0004402990161906928
[0, 820] train_loss: 0.00040578184416517615
[0, 830] train_loss: 0.00011680703755700961
[0, 840] train_loss: 0.0005627198843285441
[0, 850] train_loss: 0.0005394921754486859
[0, 860] train_loss: 0.00016274933295790106
[0, 870] train_loss: 0.0004272095102351159
[0, 880] train_loss: 0.00014300116163212806
[0, 890] train_loss: 0.0003443031164351851
[0, 900] train_loss: 0.001138341729529202
[0, 910] train_loss: 0.00010767288040369749
[0, 920] train_loss: 0.00018113746773451567
[0, 930] train_loss: 0.00036920051206834614
[0, 940] train_loss: 0.00014606550394091755
[0, 950] train_loss: 0.0004066825204063207
[0, 960] train_loss: 0.0005539426347240806
[0, 970] train_loss: 0.0007328275823965669
[0, 980] train_loss: 0.00032878699130378664
[0, 990] train_loss: 0.0002767639816738665
[0, 1000] train_loss: 0.0006803970318287611
[0, 1010] train_loss: 0.0006391205242834985
[0, 1020] train_loss: 0.0005576976691372693
[0, 1030] train_loss: 0.00020945147844031453
[0, 1040] train_loss: 0.0002525541349314153
[0, 1050] train_loss: 0.0005445298156701028
[0, 1060] train_loss: 0.0005083163268864155
[0, 1070] train_loss: 0.00039200129685923457
[0, 1080] train_loss: 0.00034838743158616126
[0, 1090] train_loss: 0.000209637320949696
[0, 1100] train_loss: 0.0005926331505179405
[0, 1110] train_loss: 0.0004020511405542493
[0, 1120] train_loss: 0.0003532371483743191
