[0, 0] train_loss: 0.0009243977256119251
[0, 10] train_loss: 0.00026242711464874446
[0, 20] train_loss: 0.0005467014852911234
[0, 30] train_loss: 0.0006758840172551572
[0, 40] train_loss: 0.000831476179882884
[0, 50] train_loss: 0.0010322383604943752
[0, 60] train_loss: 0.0007093013264238834
[0, 70] train_loss: 0.00038726511411368847
[0, 80] train_loss: 0.0013791167875751853
[0, 90] train_loss: 0.0017327737296000123
[0, 100] train_loss: 0.001745455665513873
[0, 110] train_loss: 0.0019822975154966116
[0, 120] train_loss: 0.001930185710079968
[0, 130] train_loss: 0.0014808319974690676
[0, 140] train_loss: 0.001105451607145369
[0, 150] train_loss: 0.0022170660085976124
[0, 160] train_loss: 0.0005330418352968991
[0, 170] train_loss: 0.0004253409570083022
[0, 180] train_loss: 0.00041486622649244964
[0, 190] train_loss: 0.000518427521456033
[0, 200] train_loss: 0.00037541327765211463
[0, 210] train_loss: 0.00039740020292811096
[0, 220] train_loss: 0.0007042901124805212
[0, 230] train_loss: 0.0010227842722088099
[0, 240] train_loss: 0.00022801953309681267
[0, 250] train_loss: 0.0001854988804552704
[0, 260] train_loss: 0.0005440188688226044
[0, 270] train_loss: 0.0003553384158294648
[0, 280] train_loss: 0.00016493159637320787
[0, 290] train_loss: 0.000454298104159534
[0, 300] train_loss: 0.00028576800832524896
[0, 310] train_loss: 0.0003330557665321976
[0, 320] train_loss: 0.00041139317909255624
[0, 330] train_loss: 0.0003818358527496457
[0, 340] train_loss: 0.00038123392732813954
[0, 350] train_loss: 0.00047514293692074716
[0, 360] train_loss: 0.00020023657998535782
[0, 370] train_loss: 0.0001509607391199097
[0, 380] train_loss: 0.00022298758267425
[0, 390] train_loss: 0.0007015640148892999
[0, 400] train_loss: 0.001015951856970787
[0, 410] train_loss: 0.0004556639469228685
[0, 420] train_loss: 0.000296534679364413
[0, 430] train_loss: 0.0005715654697269201
[0, 440] train_loss: 0.0004970452282577753
[0, 450] train_loss: 0.0005431330646388233
[0, 460] train_loss: 0.000712139590177685
[0, 470] train_loss: 0.0003323916462250054
[0, 480] train_loss: 0.00013940648932475597
[0, 490] train_loss: 0.0006506370846182108
[0, 500] train_loss: 0.0003118537424597889
[0, 510] train_loss: 0.0007277769036591053
[0, 520] train_loss: 0.00038537377258762717
[0, 530] train_loss: 0.0004947645938955247
[0, 540] train_loss: 0.0001596384827280417
[0, 550] train_loss: 0.00028697075322270393
[0, 560] train_loss: 4.4983312363910954e-06
[0, 570] train_loss: 0.00012189375411253422
[0, 580] train_loss: 0.00033634636201895773
[0, 590] train_loss: 0.0003698085492942482
[0, 600] train_loss: 0.00039823251427151263
[0, 610] train_loss: 0.0007360602612607181
[0, 620] train_loss: 0.0005443156114779413
[0, 630] train_loss: 0.000633417337667197
[0, 640] train_loss: 0.0003125564835499972
[0, 650] train_loss: 0.0003125529910903424
[0, 660] train_loss: 0.0001167210575658828
[0, 670] train_loss: 0.0004605287977028638
[0, 680] train_loss: 0.0009242735104635358
[0, 690] train_loss: 0.0009053211542777717
[0, 700] train_loss: 0.0009742709808051586
[0, 710] train_loss: 0.0003523251216392964
[0, 720] train_loss: 0.00034939072793349624
[0, 730] train_loss: 0.0004457730974536389
[0, 740] train_loss: 0.0006950150127522647
[0, 750] train_loss: 8.043611160246655e-05
[0, 760] train_loss: 0.0005042066914029419
[0, 770] train_loss: 0.0006867917254567146
[0, 780] train_loss: 0.0005331722786650062
[0, 790] train_loss: 0.000378248980268836
[0, 800] train_loss: 0.0003418525739107281
[0, 810] train_loss: 0.00043364232988096774
[0, 820] train_loss: 0.00040295301005244255
[0, 830] train_loss: 0.00011695350258378312
[0, 840] train_loss: 0.0005569495260715485
[0, 850] train_loss: 0.0005329633131623268
[0, 860] train_loss: 0.00016541910008527339
[0, 870] train_loss: 0.00042146738269366324
[0, 880] train_loss: 0.00014344049850478768
[0, 890] train_loss: 0.0003372945648152381
[0, 900] train_loss: 0.0011005612323060632
[0, 910] train_loss: 0.00011304762301733717
[0, 920] train_loss: 0.0001832460256991908
[0, 930] train_loss: 0.0003645389515440911
[0, 940] train_loss: 0.0001499083446105942
[0, 950] train_loss: 0.0004037689068354666
[0, 960] train_loss: 0.0005426401039585471
[0, 970] train_loss: 0.0007102158269844949
[0, 980] train_loss: 0.0003277632931713015
[0, 990] train_loss: 0.00027487793704494834
[0, 1000] train_loss: 0.0006695238407701254
[0, 1010] train_loss: 0.0006314996862784028
[0, 1020] train_loss: 0.0005625059711746871
[0, 1030] train_loss: 0.00020956556545570493
[0, 1040] train_loss: 0.00026140487170778215
[0, 1050] train_loss: 0.0005352795706130564
[0, 1060] train_loss: 0.0005043926648795605
[0, 1070] train_loss: 0.0003854898386634886
[0, 1080] train_loss: 0.00034538930049166083
[0, 1090] train_loss: 0.0002111911599058658
[0, 1100] train_loss: 0.0005883581470698118
[0, 1110] train_loss: 0.00040166746475733817
[0, 1120] train_loss: 0.00035034873872064054
